179 295
187 323
197 350
208 376
223 402
246 423
273 440
301 453
330 453
357 441
379 419
400 394
414 366
418 335
417 303
414 271
409 240
193 261
203 248
219 243
237 241
255 244
296 235
312 225
330 217
351 215
371 220
281 262
285 285
288 308
292 330
274 343
286 345
298 347
310 339
321 332
216 280
226 268
241 265
256 274
243 279
228 282
315 260
326 245
341 241
356 247
345 255
330 258
251 370
268 363
287 360
304 360
319 354
342 349
365 347
351 377
330 393
314 399
297 400
273 392
257 371
290 368
306 367
322 362
359 351
326 381
309 386
293 387
112 270
123 319
155 370
439 200
452 229
442 253
455 277
451 299
225 470
227 494
242 530
260 554
297 575
336 576
379 543
403 514
425 478
439 450
444 422
475 470
459 494
224 678
211 610
207 554
208 492
254 590
211 657
237 580
217 525
183 537
207 585
257 656
239 622
227 636
232 602
271 607
288 584
239 554
191 618
195 583
324 618
354 658
371 683
471 521
452 579
439 628
427 656
414 688
390 646
383 671
394 704
381 625
341 630
355 603
379 567
408 551
413 593
389 590
411 627
411 660
434 608
437 503
449 526
432 567
407 570
426 513
432 546
460 555
447 474
467 438
285 45
247 38
210 50
172 86
202 178
232 154
267 142
304 142
344 161
171 202
172 154
203 98
199 126
203 159
182 171
151 126
180 114
227 111
220 137
225 80
187 93
231 58
256 64
288 74
277 96
252 85
246 123
263 115
292 115
306 88
312 67
328 55
364 45
395 100
392 162
377 182
359 141
323 138
320 118
329 98
339 68
363 74
347 95
340 125
375 124
359 114
373 87
384 74
403 144
418 117
404 82
396 124
395 195
375 169
415 148
431 133
420 92
147 185
159 226
430 179
410 178
452 157
414 207
